18 31 50
142 152 162
167 171 183
111 125 134
136 142 154
182 174 191
184 177 193
102 117 126
113 121 132
113 118 130
36 0 7
75 26 67
52 3 33
54 8 6
69 14 53
68 13 52
63 6 48
97 13 18
77 3 44
71 11 65
71 28 54
92 18 66
88 14 54
66 14 50
50 21 47
69 8 6
102 101 138
129 144 159
130 140 159
80 67 111
99 108 118
68 0 107
109 24 114
162 101 164
87 4 103
115 32 115
118 42 141
32 37 56
16 25 40
48 13 24
59 3 0
62 32 43
74 45 109
68 83 126
129 137 175
68 83 126
69 86 128
73 87 132
89 56 115
48 23 77
96 81 112
81 77 109
52 60 83
36 30 64
76 73 102
64 56 63
62 49 69
79 26 61
67 15 40
84 28 54
57 19 51
50 46 73
65 24 55
80 42 51
53 29 66
103 24 30
77 20 23
56 17 91
67 21 44
105 74 138
36 53 98
68 85 128
62 75 115
82 90 155
43 55 113
95 108 158
84 94 133
86 108 166
50 63 115
90 99 169
90 100 173
63 72 125
63 77 127
56 68 126
73 88 132
83 77 127
56 72 107
70 82 107
73 85 107
39 26 72
34 24 75
57 49 88
75 81 108
43 46 77
110 123 140
73 88 112
57 52 83
60 56 77
46 47 79
71 6 78
105 31 100
79 23 95
141 130 166
146 127 160
159 147 175
83 77 105
166 145 186
159 141 175
162 141 182
166 145 186
171 154 192
83 77 105
141 125 157
