168 123 144
154 168 177
166 203 219
134 166 187
134 169 192
192 219 224
169 202 217
155 192 211
146 179 195
170 208 220
157 193 210
176 121 142
163 120 138
156 132 66
150 123 69
160 134 67
178 119 24
181 100 9
172 85 97
166 94 71
165 155 111
173 123 29
176 138 49
171 188 196
179 104 63
180 96 34
178 135 137
178 88 10
177 130 130
180 149 161
168 141 150
169 146 154
90 79 83
152 166 179
91 80 84
175 123 40
172 159 169
176 107 96
166 150 156
156 126 136
165 148 160
171 145 158
179 132 133
180 85 7
175 118 110
172 92 31
174 125 126
172 60 4
157 88 78
169 132 147
171 149 161
161 97 121
184 148 162
146 107 125
153 151 164
181 126 131
168 157 166
171 121 138
173 107 111
168 155 164
168 69 4
162 98 117
165 123 144
155 122 137
137 148 161
142 142 150
164 177 196
201 131 96
218 115 22
217 161 164
210 152 159
179 76 15
151 61 57
159 47 33
127 28 29
110 6 3
127 31 33
133 41 58
149 76 76
132 20 31
138 38 30
157 49 36
175 169 161
169 158 117
172 172 141
146 134 70
148 146 107
135 114 55
127 112 58
163 41 1
166 158 117
174 132 60
153 151 153
161 158 164
175 170 176
174 156 148
177 111 114
178 100 87
159 141 65
105 23 27
156 75 42
156 45 31
177 128 143
175 123 84
152 39 29
175 90 5
118 100 47
151 146 109
171 71 4
183 130 118
176 106 91
